------------------------------------------------------------------------------------
1 initial 
creation testing ------------------
1    0.000
2    0.004
4    0.000
8    0.004
16   0.008
32   0.028
64   0.072
128  0.240
256  0.828
512  3.092
1024 14.048
2048 51.660
4096 196.952

find testing ------------------
1    0.024
2    0.028
4    0.036
8    0.044
16   0.060
32   0.100
64   0.168
128  0.320
256  0.596
512  1.180
1024 2.488
2048 4.576

------------------------------------------------------------------------------------
2 fast last_id

creation testing ------------------
1    0.000
2    0.000
4    0.000
8    0.004
16   0.012
32   0.020
64   0.036
128  0.072
256  0.148
512  0.316
1024 0.596
2048 1.208
4096 2.384

find testing ------------------
1    0.024
2    0.028
4    0.032
8    0.044
16   0.056
32   0.096
64   0.168
128  0.308
256  0.596
512  1.164
1024 2.324
2048 4.616
4096 9.096
